   1.00000000000000          18.0191772630922493192429101327434      
   1.41421356237310          10.8668861056902432693505033967085      
   1.73205080756888          10.3179488877278586755892320070416      
   2.00000000000000          3.54512532435820437726192722038832      
   2.23606797749979          4.86989374372583867511821154039353      
   2.44948974278318          3.97409232974957345637297597325717      
   2.64575131106459          2.20930205290480736428954904632909      
   2.82842712474619          2.60564183051131337265360343735665      
   3.00000000000000          2.41486161464413366199247927094499      
   3.16227766016838          1.52813143153615040858994689187966      
   3.31662479035540          1.38001264502916434005121779839762      
   3.46410161513775          1.87052763794020500872269015720425      
   3.60555127546399          1.98349222740623869316760437169041      
   3.74165738677394          1.35090960580397683494473832459854      
   3.87298334620742         0.856413963311427887485175839780519      
   4.00000000000000          1.78197146101486270097780106880236      
   4.12310562561766         0.991543531934790553016094182727530      
   4.24264068711928          1.10561427328399316157477490681534      
   4.35889894354067         0.974149140967287844492411271570937      
   4.47213595499958         0.663263820347514521102993967360817      
   4.58257569495584         0.960537614539536460391727381474560      
   4.69041575982343         0.532909128678075464077582265335051      
   4.79583152331272         0.464271254937001541940805074536120      
   4.89897948556636          1.09301091206149569856620473728981      
   5.00000000000000         0.397849522356544369472430844325572      
   5.09901951359278          1.07187410366873323233413919716930      
   5.19615242270663          1.19665476901796123625158711715981      
   5.29150262212918         0.659874875259926036668340592379017      
   5.38516480713450         0.520658317267533168785968004597415      
   5.47722557505166         0.956847092267253884756428305990994      
   5.56776436283002         0.394361272794041425065129700552432      
   5.65685424949238         0.672028831631005685309787622827571      
   5.74456264653803         0.501032872639666321089007948158365      
   5.83095189484530         0.381313847962056950326742106185788      
   5.91607978309962         0.485037196826717068428739107080868      
   6.00000000000000         0.377167609838079028368914199139302      
   6.08276253029822         0.617870437374642464776017633896019      
   6.16441400296898         0.604227885144263884111942867380812      
   6.24499799839840         0.594762016319838820867843400591459      
   6.32455532033676         0.312189828171631678088715489138849      
   6.40312423743285         0.333510372473939588852461871815982      
   6.48074069840786         0.453867467060487988257071784963565      
   6.55743852430200         0.315964423816472179983383136649811      
   6.63324958071080         0.330332993187210584422204688466577      
   6.70820393249937         0.356426080258537562410007618988554      
   6.78232998312527         0.351648344923253320792394768669391      
   6.85565460040104         0.266320518337378157496537011304989      
   6.92820323027551         0.597168195171414062372150510782376      
   7.00000000000000         0.326353287760381642980825504031489      
   7.07106781186548         0.368299037063286078819146496243775      
   7.14142842854285         0.429095145228291144411402866335622      
   7.21110255092798         0.538534605419534487898894999838936      
   7.28010988928052         0.263609143227360482288566104988655      
   7.34846922834953         0.449847401185831396185642882267496      
   7.41619848709566         0.353286120689196536659437697380781      
   7.48331477354788         0.207258299840385890837930154313134      
   7.54983443527075         0.241577183781907167096840949900644      
   7.61577310586391         0.250348886486520856527900393522377      
   7.68114574786861         0.356783668577124793477720478391748      
   7.74596669241483         0.307204131474910605940446354604016      
   7.81024967590665         0.374140036878550516542522704274562      
   7.87400787401181         0.383186815662829742322056488539543      
   7.93725393319377         0.317434295099562719979220428430135      
   8.00000000000000         0.315379612484383786696895413115271      
   8.06225774829855         0.196857784183609806606140269790418      
   8.12403840463596         0.269936614337936798723272989842702      
   8.18535277187245         0.268346581614173893614807001092652      
   8.24621125123532         0.220909600616840480736367252949790      
   8.30662386291807         0.342141648807600610691382747103015      
   8.36660026534076         0.367564893577829110427046543918550      
   8.42614977317636         0.348359875181204234301000890899187      
   8.48528137423857         0.257598959255579629257226770278066      
   8.54400374531753         0.376400028977473033909805115848167      
   8.60232526704263         0.432649748636580908765068129837714      
   8.66025403784439         0.233398220392621880137085099704564      
   8.71779788708135         0.232681916476072982534692288793035      
   8.77496438739212         0.206638692910300235340613440924941      
   8.83176086632785         0.257423479657430512372975966009574      
   8.88819441731559         0.363732528877166694517746933181829      
   8.94427190999916         0.180524857853104414573408575961366      
   9.00000000000000         0.141424447454581855466153402956502      
   9.05538513813742         0.257927601929629550412999644943672      
   9.11043357914430         0.299774650067869695742200451330787      
   9.16515138991168         0.197447601627128128887718395119356      
   9.21954445729289         0.246411311412146674496505190344418      
   9.27361849549570         0.292449911363566371185930451204957      
   9.32737905308882         0.121680037330079293550541520723538      
   9.38083151964686         0.356508834489164705416897049872205      
   9.43398113205660         0.120514777583326436986558445404922      
   9.48683298050514         0.238812120073172490858976541656173      
   9.53939201416946         0.148624679810860814467519998248503      
   9.59166304662544         0.281934117374041648889962506591869      
   9.64365076099295         0.169887853040160885628758615473666      
   9.69535971483266         0.146116913785681167446890616160322      
   9.74679434480896         0.285373644700032221072960007739695      
   9.79795897113271         0.290006328304671730696403149825831      
   9.84885780179610         0.223792956029050587178587483856635      
   9.89949493661167         0.180102565017356781720768687628894      
   9.94987437106620         0.174909316319904450718314190526879      
   10.0000000000000         0.210317138440332556115208717528731      
   10.0498756211209         0.106508308402083717638642255143069      
   10.0995049383621         0.129936243613442799025782661891415      
   10.1488915650922         0.168066197367416616245764177699474      
   10.1980390271856         0.170269205801302755313250040322041      
   10.2469507659596         0.244391773568883711017666168377868      
   10.2956301409870         0.190382118613764220340100401476518      
   10.3440804327886         0.113305688805009409538670127480247      
   10.3923048454133         0.153913268092143735227889717660016      
   10.4403065089106         0.150402123620674337308386334329160      
   10.4880884817015         0.195909713010189114677152908618816      
   10.5356537528527         0.170129356928597057456680157154731      
   10.5830052442584         0.208924863848560983724058002865474      
   10.6301458127346         0.217689144981626851198904008184255      
   10.6770782520313         0.151397891392072350058378217733678      
   10.7238052947636         0.115749823331943192250076643413986      
   10.7703296142690         0.201900188316998630000398406991735      
   10.8166538263920         0.166216129376125098038118399289620      
   10.8627804912002         0.247848017190276415653820781005641      
   10.9087121146357         0.189059792143533942522526940745654      
   10.9544511501033         0.130984332168362804793559917015955      
   11.0000000000000         7.549611649443400951031059573196675E-0002
   11.0453610171873         0.260197784132643400172411452704033      
   11.0905365064094         0.151532535860003585780279122186991      
   11.1355287256600         0.157836479083379005271214531779650      
   11.1803398874989         0.172517858309295149865647545084357      
   11.2249721603218         0.146004204109853281537984984756876      
   11.2694276695846         0.126581341960952013824845473538703      
   11.3137084989848         0.181551015038931395917387590088765      
   11.3578166916005         0.169930023710693691477653084958131      
   11.4017542509914         0.134792013722486786902593918896925      
   11.4455231422596         0.127750741545938267171279485479623      
   11.4891252930761         0.137602276567892825155605819556072      
   11.5325625946708         0.207912588178034823406557180512612      
   11.5758369027902         0.143017439944919866997591257199589      
   11.6189500386223         0.214759044249924331611341417387680      
   11.6619037896906         0.250934754050794135296468191561015      
   11.7046999107196         0.159620126019072088648453159393729      
   11.7473401244707         0.105050586567169947626177378444244      
   11.7898261225516         0.132642653729706280263788933637920      
   11.8321595661992         0.172316175916844903172529614364196      
   11.8743420870379         0.136292012974153355510337963528561      
   11.9163752878130         0.161892609960531385567405713643406      
   11.9582607431014         0.174322379891588049808156760442038      
   12.0000000000000         0.142186282072813647343107529902934      
   12.0415945787923         0.236392001413035414175126412562255      
   12.0830459735946         0.136999273971608320993852916441552      
   12.1243556529821         0.134819803560613268923496397459233      
   12.1655250605964         0.148868818767022763976198090145969      
   12.2065556157337         0.117467128942625200562855410827136      
   12.2474487139159         0.114397237203999016704377330218752      
   12.2882057274445         9.491285802890570662023173105465063E-0002
   12.3288280059380         0.147735595076305771898791805908427      
   12.3693168768530         0.160912959691196774760445882718450      
   12.4096736459909         0.155603240480767105587837214478860      
   12.4498995979887         0.150292257712957628486507136615053      
   12.4899959967968         0.168269353657108899059179608369819      
   12.5299640861417         0.129557097235691111046916068899356      
   12.5698050899765         0.175794533652475129842163300100431      
   12.6095202129185         0.161704980831464954448417056082461      
   12.6491106406735         0.117642378096856758951105348387500      
   12.6885775404495         0.110220939955218516607313385805960      
   12.7279220613579         0.122644349265926588947125164401016      
   12.7671453348037         0.111118418193685755219634681614402      
   12.8062484748657         0.111141516399903758976905941736044      
   12.8452325786651         0.111633650528142941931781189685518      
   12.8840987267251         0.178563909739810039110968965217920      
   12.9228479833201         0.146001906218597333507117756759514      
   12.9614813968157         0.183051924632685529085544355136032      
   13.0000000000000         0.110023393513691862453817208738413      
   13.0384048104053         0.161313327149376436529885669348433      
   13.0766968306220         0.122551467869499053678247936026395      
   13.1148770486040         0.127184667256136225234492252808237      
   13.1529464379659         9.276785877672423414962836931529590E-0002
   13.1909059582729         7.795904151912457952425154809165618E-0002
   13.2287565553230         8.920048667079701739826954768172332E-0002
   13.2664991614216         7.531301716130072760274122794560919E-0002
   13.3041346956501         0.151032689369094317199509491549415      
   13.3416640641263         0.107592452795545073109842428749197      
   13.3790881602597         0.112932981326301325442570319539716      
   13.4164078649987         0.142508794927797607006899246092265      
   13.4536240470737         0.150080006556819652993119777133946      
   13.4907375632320         5.943329881569444309904141406590058E-0002
   13.5277492584687         9.950560308605258688171016614721284E-0002
   13.5646599662505         8.996251635035620260485144251066705E-0002
   13.6014705087354         9.054406615573415552790794282446842E-0002
   13.6381816969859         5.459172163297593317932501855877138E-0002
   13.6747943311773         7.859225931055189972724482282637593E-0002
   13.7113092008021         6.657692255476128120233895854053504E-0002
   13.7477270848675         0.184623616396929826254727135328625      
   13.7840487520902         0.129809698882829680967102161191992      
   13.8202749610853         9.968478433917793191749630288674414E-0002
   13.8564064605510         0.102953725090687360962012538341999      
   13.8924439894498         0.156807177664052741069089858961615      
   13.9283882771841         0.103866041462054715237069647571974      
   13.9642400437689         0.118122187858575900830916138007664      
   14.0000000000000         8.526366178363243184716041895979065E-0002
   14.0356688476182         0.177223710537530261029728373919193      
   14.0712472794703         0.107067860162178403250050685142703      
   14.1067359796659         0.137577089238556659329927484879280      
   14.1421356237310         8.479010294654782953216454188805074E-0002
   14.1774468787578         8.755459724897088333375393459341716E-0002
   14.2126704035519         7.982781156247948752362651365467966E-0002
   14.2478068487750         0.129235934419799362251580147453460      
   14.2828568570857         4.637331678256119987475572355940719E-0002
   14.3178210632764         8.595801550402605593395802737554399E-0002
   14.3527000944073         0.137945780346559270537026465002411      
   14.3874945699382         9.815948737156870110730001149510128E-0002
   14.4222051018560         6.085100002043194370534488021243865E-0002
   14.4568322948010         0.109078726997890303470814014611204      
   14.4913767461894         6.537977416163921737907436354795382E-0002
   14.5258390463339         9.903863213958659958148428119754339E-0002
   14.5602197785610         8.500337899613540422864869744341188E-0002
   14.5945195193264         8.694916656604474655337775991836064E-0002
   14.6287388383278         8.800454625558697184141382311740629E-0002
   14.6628782986152         8.493127875472909469736319002803675E-0002
   14.6969384566991         0.129658488452243394719845228893165      
   14.7309198626562         5.383978152279369877842201959676526E-0002
   14.7648230602334         6.049048296667709347440170550317324E-0002
   14.7986485869487         4.684680806370986493928775246591056E-0002
   14.8323969741913         5.744284248512070625090266482650557E-0002
   14.8660687473185         0.111328967555121314068127589982964      
   14.8996644257513         0.123654059351454882566080463269876      
   14.9331845230681         6.316892703771100002031254810761376E-0002
   14.9666295470958         8.892994085782267101235122806558918E-0002
   15.0000000000000         7.905436533919986648773677491893371E-0002
   15.0332963783729         0.124401842051045250562399219354796      
   15.0665191733194         0.100861681108561030107156139191256      
   15.0996688705415         8.521891460532992399740785977133272E-0002
   15.1327459504216         9.366513586719666532229592232643646E-0002
   15.1657508881031         0.110451606326362765556673959666944      
   15.1986841535707         7.851453185510918952487368797843074E-0002
   15.2315462117278         8.538547556816092630317049544577583E-0002
   15.2643375224737         9.998851851004924390102722162436774E-0002
   15.2970585407784         0.113498850230621996463255488620195      
   15.3297097167559         0.120475299092553743389060478063023      
   15.3622914957372         0.138762877240830224979879981759241      
   15.3948043183407         7.924019057192011003871620259393117E-0002
   15.4272486205415         5.986863333956834986028901644700653E-0002
   15.4596248337403         6.377464018724658510269120795395085E-0002
   15.4919333848297         4.622339848971496560163056225671123E-0002
   15.5241746962600         5.323019089208659150724061832403865E-0002
   15.5563491861040         0.107876307450386121900010039098561      
   15.5884572681199         0.104276297014177902296361014718351      
   15.6204993518133         5.940574989051124893675194948255161E-0002
   15.6524758424985         8.358416386787748346789009460457125E-0002
   15.6843871413581         6.203671301403819460421164706538666E-0002
   15.7162336455017         0.106777145463203245648960896337835      
   15.7480157480236         8.063286156724190231300546598034881E-0002
   15.7797338380595         7.283487841453483688693600435587896E-0002
   15.8113883008419         0.120851549855461854576788027770817      
   15.8429795177549         8.030916241877524368259132806345286E-0002
   15.8745078663875         9.104223005484173080774434354333650E-0002
   15.9059737205869         8.902011847655896562256120060655204E-0002
   15.9373774505092         6.794498010951605148488673102843950E-0002
   15.9687194226713         7.943891021898961951717187641371115E-0002
   16.0000000000000         6.395580021689757643787999086271157E-0002
   16.0312195418814         9.310993977124218422750522725008689E-0002
   16.0623784042090         5.256869148526736061084256805262940E-0002
   16.0934769394311         4.843914300442239984765003388567781E-0002
   16.1245154965971         8.903531215852270500695689966400655E-0002
   16.1554944214035         9.212397819686781253879754920044051E-0002
   16.1864140562386         6.809485366505192546060764033503774E-0002
   16.2172747402269         0.129190245444226726299469264493299      
   16.2480768092719         3.893675207124989022564463856256087E-0002
   16.2788205960997         4.225229552754908710548474084375040E-0002
   16.3095064303001         5.280073914900781949285360462823533E-0002
   16.3401346383682         0.120533534496369828530043875449773      
   16.3707055437449         6.576303275961200086779022804781128E-0002
   16.4012194668567         7.087494997123116300306273200185658E-0002
   16.4316767251550         8.451525741649503600085693135581635E-0002
   16.4620776331543         7.405136366348142746406209112120951E-0002
   16.4924225024706         0.103180678807691152050719050320742      
   16.5227116418583         6.319828233058808418485195710299870E-0002
   16.5529453572468         5.165311878752442107501019231709958E-0002
   16.5831239517770         7.811795318863851569155733820728280E-0002
   16.6132477258361         7.192961405169370488340354168558143E-0002
   16.6433169770932         8.690084056245843688004689260859998E-0002
   16.6733320005331         9.929771802582943216208582107486913E-0002
   16.7032930884901         8.485902578383034065203686114600909E-0002
   16.7332005306815         8.676893330691647524385449027509561E-0002
   16.7630546142402         7.356741351465890569236882286166169E-0002
   16.7928556237467         6.287883161335824784162223746947257E-0002
   16.8226038412607         6.922740116029835306673620040972746E-0002
   16.8522995463527         6.388006613025325714341332212838174E-0002
   16.8819430161341         3.290275949145403569274461468714371E-0002
   16.9115345252878         4.543595866036797249220259030922674E-0002
   16.9410743460974         6.139580585897613505736945192118659E-0002
   16.9705627484771         4.552285581976630209529351607973998E-0002
   17.0000000000000         6.069950231796655153963713025332632E-0002
   17.0293863659264         6.225982896103986053637119515895330E-0002
   17.0587221092320         4.466986188594403681909670766052562E-0002
   17.0880074906351         8.565841093293640306592974349320547E-0002
   17.1172427686237         7.978410972219132182194093248644787E-0002
   17.1464281994822         5.061488556376590079183615114520855E-0002
   17.1755640373177         7.630040324180878681129227408160598E-0002
   17.2046505340853         5.016323893424791214946757512783783E-0002
   17.2336879396141         5.603911371254006054349202875938480E-0002
   17.2626765016321         8.167826574455757116041259118199548E-0002
   17.2916164657906         8.270180979611470311253065286970458E-0002
   17.3205080756888         7.916227730746047797083519981242716E-0002
